# Created by Octave 4.0.0, Sun Aug 16 07:51:22 2015 IST <hsrai@rai>
# name: Number_of_storeys
# type: scalar
4


# name: Gravity_acceleration
# type: scalar
9.81


# name: Mass
# type: matrix
# rows: 4
# columns: 4
 8 0 0 0
 0 8 0 0
 0 0 4 0
 0 0 0 4


# name: Height_storey
# type: matrix
# rows: 4
# columns: 1
 4
 4
 4
 4


# name: Stiffness_storey
# type: matrix
# rows: 4
# columns: 1
 1000
 800
 600
 600


