# Created by Octave 4.0.0, Sun Aug 16 07:51:22 2015 IST <hsrai@rai>
# name: Number_of_storeys
# type: scalar
4


# name: Mass
# type: matrix
# rows: 4
# columns: 4
 8 0 0 0
 0 8 0 0
 0 0 4 0
 0 0 0 4


# name: Stiffness_story
# type: matrix
# rows: 4
# columns: 1
 10
 8
 6
 6


