# Created by Octave 4.2.0, Thu Jan 26 21:12:19 2017 GMT <unknown@unknown>
# name: bond_stress
# type: matrix
# rows: 6
# columns: 2
 15 1.2
 20 1.2
 25 1.4
 30 1.5
 35 1.7
 40 1.9


# name: compression_reinforcement
# type: matrix
# rows: 6
# columns: 5
 0 0.05 0.1 0.15 0.2
 3 0.28 0.299 0.325 0.36
 3.1 0.311 0.331 0.36 0.399
 3.2 0.341 0.363 0.395 0.438
 3.3 0.371 0.395 0.43 0.476
 3.4 0.401 0.427 0.465 0.515


# name: design_shear_stress
# type: matrix
# rows: 14
# columns: 7
 0 15 20 25 30 35 40
 0.15 0.28 0.28 0.29 0.29 0.29 0.3
 0.25 0.35 0.36 0.36 0.37 0.37 0.38
 0.5 0.46 0.48 0.49 0.5 0.5 0.51
 0.75 0.54 0.5600000000000001 0.57 0.59 0.59 0.6
 1 0.6 0.62 0.64 0.66 0.67 0.68
 1.25 0.64 0.67 0.7 0.71 0.73 0.74
 1.5 0.68 0.72 0.74 0.76 0.78 0.79
 1.75 0.71 0.75 0.78 0.8 0.82 0.84
 2 0.71 0.79 0.82 0.84 0.86 0.88
 2.25 0.71 0.8100000000000001 0.85 0.88 0.9 0.92
 2.5 0.71 0.82 0.88 0.91 0.93 0.95
 2.75 0.71 0.82 0.9 0.9399999999999999 0.96 0.98
 3 0.71 0.82 0.92 0.96 0.99 1.01


# name: factor_Ast2
# type: matrix
# rows: 3
# columns: 2
 250 1
 415 0.6
 500 0.5


# name: max_shear_stress
# type: matrix
# rows: 5
# columns: 2
 15 2.5
 20 2.8
 25 3.1
 30 3.5
 40 4


# name: table
# type: matrix
# rows: 5
# columns: 4
 0 250 415 500
 15 2.24 2.07 2
 20 2.98 2.76 2.66
 25 3.73 3.45 3.33
 30 4.47 4.14 3.99


# name: tensile_reinforcement
# type: matrix
# rows: 6
# columns: 5
 0 0.05 0.1 0.15 0.2
 3 0.988 1.003 1.02 1.039
 3.1 1.017 1.034 1.052 1.073
 3.2 1.046 1.064 1.085 1.108
 3.3 1.075 1.095 1.117 1.142
 3.4 1.104 1.126 1.15 1.177


